10,183
10,119
10,73
10,247
10,117
10,147
10,185
11,24
11,16
11,18
11,26
21,3
21,2
21,1
21,0
20,2
20,1
12,3
12,2
20,3
12,1
11,30
11,29
11,27
11,25
11,23
11,22
11,21
19,2
11,20
19,1
11,17
11,15
11,12
11,10
11,9
11,7
11,6
11,5
19,3
11,4
11,3
11,2
11,1
10,287
10,273
10,271
10,269
10,265
10,259
10,251
10,219
10,217
10,205
10,187
10,167
10,165
10,153
10,143
10,137
10,113
10,91
10,71
10,69
10,33
10,19
10,3
10,2
10,1
9,7
9,5
9,3
9,2
9,1
8,18
8,17
8,16
8,15
8,14
8,13
8,12
8,11
8,10
8,8
8,7
8,6
8,5
8,4
8,3
8,2
8,1
7,16
7,15
7,14
7,13
7,12
7,11
7,10
7,9
7,8
7,7
7,6
18,1
7,5
18,3
7,4
7,1
6,8
14,1
6,7
6,6
14,3
6,5
13,1
6,4
13,3
